TEST CASE 1 :
1
50
1
2
3
4
5
6
7
8
9
10
11
12
13
14
15
16
17
18
19
20
21
22
23
24
25
26
27
28
29
30
31
32
33
34
35
36
37
38
39
40
41
42
43
44
45
46
47
48
49
50

ANSWER(TC-1):
1
1
2 -> 1
10
3 -> 0
110
4 -> 0
0110
5 -> 1
00110
6 -> 1
100110
7 -> 0
1100110
8 -> 0
01100110
9 -> 1
001100110
10 -> 1
1001100110
11 -> 0
11001100110
12 -> 0
011001100110
13 -> 1
0011001100110
14 -> 1
10011001100110
15 -> 0
110011001100110
16 -> 0
0110011001100110
17 -> 1
00110011001100110
18 -> 1
100110011001100110
19 -> 0
1100110011001100110
20 -> 0
01100110011001100110
21 -> 1
001100110011001100110
22 -> 1
1001100110011001100110
23 -> 0
11001100110011001100110
24 -> 0
011001100110011001100110
25 -> 1
0011001100110011001100110
26 -> 1
10011001100110011001100110
27 -> 0
110011001100110011001100110
28 -> 0
0110011001100110011001100110
29 -> 1
00110011001100110011001100110
30 -> 1
100110011001100110011001100110
31 -> 0
1100110011001100110011001100110
32 -> 0
01100110011001100110011001100110
33 -> 1
001100110011001100110011001100110
34 -> 1
1001100110011001100110011001100110
35 -> 0
11001100110011001100110011001100110
36 -> 0
011001100110011001100110011001100110
37 -> 1
0011001100110011001100110011001100110
38 -> 1
10011001100110011001100110011001100110
39 -> 0
110011001100110011001100110011001100110
40 -> 0
0110011001100110011001100110011001100110
41 -> 1
00110011001100110011001100110011001100110
42 -> 1
100110011001100110011001100110011001100110
43 -> 0
1100110011001100110011001100110011001100110
44 -> 0
01100110011001100110011001100110011001100110
45 -> 1
001100110011001100110011001100110011001100110
46 -> 1
1001100110011001100110011001100110011001100110
47 -> 0
11001100110011001100110011001100110011001100110
48 -> 0
011001100110011001100110011001100110011001100110
49 -> 1
0011001100110011001100110011001100110011001100110
50 -> 1
10011001100110011001100110011001100110011001100110

TEST CASE 2 :
2
50
1
2
3
4
5
6
7
8
9
10
11
12
13
14
15
16
17
18
19
20
21
22
23
24
25
26
27
28
29
30
31
32
33
34
35
36
37
38
39
40
41
42
43
44
45
46
47
48
49
50

ANSWER(TC-2):
1
1
3
10
4
110
2
1110
3
10110
1
110110
0
1101001
0
01101001
1
101101001
1
1000111010
0
01000111010
0
000000001101
1
0110100010101
1
11011010010110
0
110100110010110
0
0110100110010110
1
10110100110010110
1
100011101010010110
0
0100011101010010110
0
00000000110110010110
1
011010001010110010110
1
1101101001011010010110
0
11010011001011010010110
0
011010011001011010010110
1
1011010011001011010010110
1
10001110101001011010010110
0
010001110101001011010010110
0
0000000011011001011010010110
1
01101000101011001011010010110
1
110110100101101001011010010110
0
1101001100101101001011010010110
0
01101001100101101001011010010110
1
101101001100101101001011010010110
1
1000111010100101101001011010010110
0
01000111010100101101001011010010110
0
000000001101100101101001011010010110
1
0110100010101100101101001011010010110
1
11011010010110100101101001011010010110
0
110100110010110100101101001011010010110
0
0110100110010110100101101001011010010110
1
10110100110010110100101101001011010010110
1
100011101010010110100101101001011010010110
0
0100011101010010110100101101001011010010110
0
00000000110110010110100101101001011010010110
1
011010001010110010110100101101001011010010110
1
1101101001011010010110100101101001011010010110
0
11010011001011010010110100101101001011010010110
0
011010011001011010010110100101101001011010010110
1
1011010011001011010010110100101101001011010010110
1
10001110101001011010010110100101101001011010010110



TEST CASE 3 :
3
50
1
2
3
4
5
6
7
8
9
10
11
12
13
14
15
16
17
18
19
20
21
22
23
24
25
26
27
28
29
30
31
32
33
34
35
36
37
38
39
40
41
42
43
44
45
46
47
48
49
50

ANSWER(TC-3):
1
1
7
10
18
110
28
1110
25
11110
7
011110
26
0001110
4
00110110
5
011010110
1
1111111010
12
00001101001
0
001011100110
1
0011110101001
1
01011001101001
0
001111010111100
0
0110100110010110
1
10010110111110010
1
010011010101011010
0
1100110110100111100
0
01011111110111111000
1
001010011111111010010
1
0001000111111101111000
0
10001111101111110111000
0
111110111111011101001001
1
0011111111011101111010100
1
01111111001101111111101000
0
011101101111111011111110000
0
1011111111111001011111011000
1
00111101010010110100110010110
1
010110011010010110100110010110
0
0011110101111000110100110010110
0
01101001100101100110100110010110
1
100101101111100100110100110010110
1
0100110101010110100110100110010110
0
11001101101001111000110100110010110
0
010111111101111110000110100110010110
1
0010100111111110100100110100110010110
1
00010001111111011110000110100110010110
0
100011111011111101110000110100110010110
0
1111101111110111010010010110100110010110
1
00111111110111011110101000110100110010110
1
011111110011011111111010000110100110010110
0
0111011011111110111111100000110100110010110
0
10111111111110010111110110000110100110010110
1
001111010100101101001100101100110100110010110
1
0101100110100101101001100101100110100110010110
0
00111101011110001101001100101100110100110010110
0
011010011001011001101001100101100110100110010110
1
1001011011111001001101001100101100110100110010110
1
01001101010101101001101001100101100110100110010110